,SARS_COV2,ACE2,Ang,AGTR1,ADAM17,Toci,Sil6r,EGF,TNF,Gefi,EGFR,PRR,NFKB,IL6STAT3,IL6AMP,cytok
0,70.87781731984595,20.68762079595274,94.78675329199996,100.03006522084115,97.57916845459069,36.37480212920437,72.70860181640329,94.57408119899027,99.76522190022297,48.45584192064786,1,94.76380380600104,35.634469743997265,15.553168686481424,30.81632974795061,47.92653368447752
1,67.52531815000599,22.699567986637216,91.57277358368344,97.91064242075943,99.78047487037492,51.19785566308633,84.23404738141566,88.1834048109692,100.42306064520903,53.216181435011585,1,95.40112187551668,28.317525722286998,46.53576154482799,49.052071505534215,74.21406522395232
2,40.17894404502614,47.175568497861185,41.788267835527,86.89423413139566,98.70350693356164,27.396712078772232,94.25235369580547,95.09273489685123,99.468390865034,48.30437076183387,0,80.92211976450795,33.025170509922845,64.0305880769634,65.69791124284131,87.9895782858536
3,75.55364668877918,17.424136484061858,96.37318112033887,99.6640204202064,99.83507972096778,34.691358639644676,94.27634556878992,84.89854037061444,98.44527407378462,31.968427683956392,1,96.98287555928151,32.70178815174375,56.05843471136406,59.69638951778086,83.27448486751123
4,81.68009953604972,14.119440578225557,97.67776477848109,99.8064948437214,100.10616733886806,45.395228905333845,73.6746144469906,96.07996059999086,101.26409295980964,54.05355866673118,1,95.28947440911654,38.2874958529665,6.846101393174404,28.760176572311554,45.542326954893056
5,50.0798988909236,36.03493857302393,66.904050643663,97.29199953132796,97.74722188307837,31.389406016949327,73.75394260893663,95.61235852273734,99.21193131929464,49.463745723640116,1,84.73058213014554,37.96669893874671,28.949803355327212,43.34439329342612,66.92305497889055
6,59.51077995611627,29.27117370108808,80.42985483138388,100.12032850814505,100.08677477508213,45.27994264249169,85.89051697311875,95.90240707108163,100.9758335486769,39.63046764639715,0,88.00791066091735,40.18838603254644,55.57354727034726,60.526348835541256,85.31873810667474
7,77.02192332796699,17.375437185522777,96.21297986714083,97.51005531596492,97.12707004640589,44.451368819815364,85.30363604590075,91.44080018229388,98.77485675633193,50.81118104196353,1,97.19224516950175,30.11826169251986,41.57798535233385,47.506415140670214,72.78644526039544
8,41.00229090872693,45.90707295191205,45.57602128313151,88.68899044491955,99.29577100238524,53.98739788858168,67.39341175473558,98.48900174138653,100.19726656300243,48.64572396186076,1,80.22981248946039,32.5430885360184,34.58865258348111,44.87732275468993,71.02587284605583
9,35.93416411297863,50.90838663509849,30.18613017889326,71.98848107221981,98.42251370196605,35.852096481867086,90.95974114811216,96.67583295979486,99.27398533622456,47.94132496655526,1,81.61254080591311,24.650197761508075,51.71541970998192,51.93077864211362,76.85781837141938
10,44.007929793933044,42.883997234408774,52.64143609819326,93.0912288297696,98.79138338903131,38.740934763583574,86.03905287851103,92.16577748504713,99.43893575182176,45.28422241315797,1,80.4753460041863,36.95928701302083,39.71825863716733,48.937405254643764,75.15475984857608
11,53.549375846290594,36.159062588851505,70.94709663784901,99.94949124484332,97.88438441307332,48.33181684701,61.04984846564652,92.28011569997123,99.67317192630395,50.467129866124466,1,86.63917768754699,35.189971392978855,47.097680303451185,52.267541139858245,77.48714846489042
12,52.38452592590708,35.72813272890652,69.77167503309411,98.77896612486893,100.24841201406532,20.424364097941925,89.89810560442966,94.39040681749275,100.5052478732564,37.63545912998333,1,88.63431533329378,32.93825825349313,40.553386216541085,48.53990579684991,73.46920116610704
13,65.60369456271671,24.912011965836083,90.00574230127823,98.9318510032552,98.28847862608066,76.00042298914585,45.5526897817585,96.48552978155227,98.53188460853183,43.37090052006947,1,94.80913982702639,28.06191784583092,6.241865760286217,21.58889564590361,36.134550573066235
14,64.68752236202155,24.908511112298843,85.75152924068949,100.64909942051715,100.28349178446842,38.01349269538231,82.63944049429416,96.70971790563928,98.18242020089515,40.178806873200216,1,95.53273164927153,28.098692604251937,41.01062278201715,45.5067894902507,68.78457863983334
15,44.36951574935264,42.67343851310645,52.72859300291157,93.74264972550829,98.34454664541097,37.70164947274442,84.66467870900468,90.45794696736259,100.86312270720423,50.98846212634628,1,79.07764748320449,34.38363411242828,45.01447805778489,51.128952626161954,76.1902858984468
16,66.57317470466855,22.935004763872435,90.16387726408858,100.27173543754468,98.78603018524949,53.61127510903713,63.78432931987351,95.34071442702626,98.97206048606762,45.39722107481659,0,91.40620784869984,38.41889935540506,13.624702510565887,31.417250905179987,50.30842543480456
17,79.40064618983884,17.30437074992678,96.89539293487161,99.2261923757308,99.27820692698774,44.601681585643156,77.33444251908777,98.21114525693403,99.76959151856038,42.075432490349115,1,94.90772108663053,43.861305635295324,47.248627674234555,57.38234737379569,80.93688863198534
18,74.33856927375979,16.940042514029788,95.12773525719048,99.21429309643051,101.23806798783944,27.20571381296409,91.68815464258647,96.44925891636841,98.30214009820281,37.18091537643158,1,98.34131620098277,30.172720565149508,61.91731756550084,61.38880843085202,84.66352755468601
19,71.77256139424237,20.54737830652544,93.09768978296697,100.47173305063806,99.27501350989996,51.26927380092612,74.70251983973803,96.82894778243366,99.30813099520539,42.428077593811295,1,93.82249554221004,36.238435470320944,46.78266115263116,54.74964336664501,79.52263051295374
20,61.284985375310676,27.836305973083004,84.34009646143218,99.60817091458252,99.14669542764398,53.553778339992085,67.68606626235956,92.43630890557914,100.79198524564382,45.08142180518343,1,89.96491474880237,37.484431623312695,26.736471406664702,39.43194687168634,61.40520980651145
21,71.74930550747919,20.006811173689904,92.4086523788082,99.01116330295879,98.80214049976229,40.50053726524059,78.59704592515922,95.91190781542649,99.75016381939017,42.2439709470063,1,94.91378197602043,35.27412432631127,28.698966432645122,40.73454993256991,64.03886109095619
22,48.07837971209883,38.0102695723454,64.60436373797985,96.67778429548206,98.55516479596012,42.183996417079754,79.85038991832933,90.2594635461629,99.70752624438006,57.94063814398207,0,78.59740461471358,42.20899479658925,36.3126169881517,48.186208681962384,71.63901510648364
23,68.72637193733168,21.051353262535976,91.4670579954542,100.38119223023094,97.36686956107224,49.85984597259392,51.890606402749455,96.03908613349559,97.66266580129543,55.067243153057944,1,91.66521252856796,43.93116550095083,10.955239348883687,33.09057119241092,53.51797686645791
24,58.074518139726834,31.49479483890735,80.50782229636593,101.06662654097018,100.945036814884,35.912197500855505,85.92999879360316,96.46645062696614,99.72854493564479,17.888375210340314,1,92.36056645503392,32.02333138013184,31.884036328235677,41.08178387928088,64.45263358582748
25,70.4840660472487,20.39870229454592,93.37405680915643,98.95586561146342,99.96074772231057,49.38388564206909,66.14296002847186,99.99390745553227,97.92738517193705,26.109867540323272,1,93.58840694499685,33.26727455797574,19.857419595790887,34.00693397008848,54.102387852462165
26,65.07929053376752,25.793707820056337,87.70793964137403,100.31126866199844,98.40402013903014,46.99298510444498,78.3034856607787,96.01110861130344,98.06044428104781,43.25227907944838,1,95.23276698479401,36.05862852093448,43.050246649357426,51.611248043363865,74.81585557417603
27,45.311500960272035,42.92116722055332,55.09619363805394,91.99178692158122,97.7951437179734,38.25067384224082,67.21811186220259,96.70639203941315,99.94455804274062,40.778095884236464,1,80.73386700734244,37.93802385644293,25.612796762506864,37.30734843021476,58.698769555645946
28,63.98482175590006,26.3219331939492,86.10124985807762,98.21748660165917,98.1125041874152,31.078981261881555,89.60351737471737,94.538184687823,97.90874478034756,47.136429974986115,1,93.86608951591938,31.458763818529665,31.129887609935228,37.16042837742449,57.37663749824915
29,74.84502994235622,19.096678869294085,95.43620939619105,100.49492965286105,100.08697236487612,42.743941692389136,79.5352818238573,96.35184288270285,101.09232235915641,47.17321931022563,0,99.73362399507589,29.667588926669062,46.616719414735925,51.373621950950266,77.26173997204096
30,47.066030557220266,39.338735881784636,60.36899636846988,98.15615226494954,98.91936842983814,36.245777417398315,73.20565831331635,97.5495149695972,100.31650289870613,66.17838755051048,1,81.16162349154017,41.27441496446622,31.56106988410745,44.35667363178037,68.06212199474366
31,52.457936384343476,34.99881305909636,70.97417799476159,98.59688419429744,99.1915799653503,55.01410225680164,73.78141655577419,95.02901661921234,98.61891002443159,33.87979237307719,1,86.99690949132012,34.07477561748962,34.28628346022447,42.898246616929036,65.79500810459466
32,52.45189665723954,36.15700364153105,68.36396634206072,98.73052122409952,97.82759261730615,46.44085368499923,70.92702462866511,94.41799325459225,96.48292006849886,41.22394992873002,1,86.27857319349452,33.473956341556466,29.72566328947745,38.853441222386486,59.68335363996915
33,39.68841123075485,46.550622834105205,44.13666894934901,88.70319942422667,100.03617127657043,52.820845225598966,87.25214326306646,92.2580282889788,96.77681725831731,65.4277160749233,1,82.60716941967038,32.34262748847332,54.97824265125661,57.29083136723669,82.06262480490231
34,69.48847153195982,23.427473258336025,90.72166878760521,100.7282771278299,99.85504037082745,46.34621935344458,80.86836752190568,95.58142697292669,99.65160920654316,51.46702996201847,1,94.42629117301288,36.24394619806869,52.06041963056765,57.91720807153275,83.5092628209277
35,73.40361624295632,18.65466975126483,93.3870387479518,98.72252057329074,98.43577846421115,47.629011170850305,69.63726949324794,99.22553402254646,98.18042459451026,51.630633723762614,1,94.60738426967009,35.97029649054076,7.598024242102445,27.15192687362578,41.61878148324079
36,68.04145726684767,22.700164051039852,91.47891851033197,100.37969764681148,99.87737823279295,37.170010827696196,83.9009140747348,95.24618519705562,100.6531774814116,39.85993628312537,1,93.14442702795033,37.73654945581977,29.45754083700398,41.256617384781755,63.235191819030476
37,62.87889488289286,25.572080672688827,86.33246029307874,99.17289073136929,97.65468050648926,51.68047426572144,72.64320549472265,91.23800528884712,100.25351920262605,28.519248291443475,1,92.57322551965795,35.38037948625045,36.227352057238,43.18885426003593,66.35829575838886
38,59.43754470307102,29.735382505526875,80.24554117263693,98.98891922424247,98.78828091816456,62.84698274307024,76.2821044780474,97.09372160064257,101.35073159214866,46.67464744222741,1,91.36919856252702,37.94443434687003,32.14175851833119,44.21365995717065,67.76579732038563
39,64.61907748658798,24.526763306666584,87.45486532168144,99.6357101764045,98.20894026274902,41.903124444824584,83.69597379148279,96.38136481157878,100.47420743649317,46.09014087821548,1,93.74746779224519,36.09113502408625,28.977420841025058,40.699935787032565,62.74258615595513
40,51.85440680470963,35.78487079401448,68.96787759329345,98.07812198464073,99.27453533077296,39.07225472285851,86.7717233113623,97.49914771820242,98.89443664587037,32.72647945755426,1,88.12992943872543,33.96096262438577,45.34155043894177,50.87147130597665,76.17161294669494
41,71.21456875317953,19.471493853728788,93.0718351099935,99.02970142203837,100.11447155073404,43.421632978096476,69.4046325834675,90.96921881427009,99.47362899814041,38.16773338219438,1,96.09236341434658,34.04773067581871,21.619149923688575,32.991391258403276,52.048165142576636
42,71.98016073647766,21.305404815699536,91.54005661708771,99.50221768292356,99.34057502961372,40.18719716398876,86.26514452382794,93.93401639862134,98.61791247120229,44.27956320272773,0,93.83738539150252,36.20654782580935,49.87301878837309,54.638503196748005,77.75652580460002
43,70.25127501578613,19.615204209457506,92.46195636899157,98.84126084345723,100.70952253157411,37.985207013464596,93.53828183625285,96.66737887375143,99.35159522767555,35.552483769392225,1,93.20569141461667,37.27604257246923,51.83652184437486,59.20203660809622,84.9238285342729
44,52.67326228108565,35.72709036249995,72.29958450206036,100.15274779219739,99.23405558058235,46.38193643968167,82.24124579987239,97.14302372718744,99.0426167640121,44.017300321477826,1,90.76091993854035,28.12573480980582,38.42883467742075,42.806038127048375,64.67606807520366
45,59.29933461366609,29.72145492539689,81.83023449014792,100.10217670094366,98.62675409293016,42.0908246694991,80.9858433750271,94.35816339261315,99.4869704536674,45.954830274694544,1,91.50132039426384,35.00278150236661,42.27198017870677,50.91192072882833,77.19017716748893
46,56.993825820166784,31.875110698824326,78.35679224866492,98.79990041026099,100.07375693860514,59.388735938426585,70.26229261707319,97.78606527868831,100.43200941305844,45.35586237055486,0,90.07516151797196,34.70482587278977,54.33057169862631,58.26680057279493,83.90568251219736
47,78.10792177442443,15.440385783522604,98.65725348600529,101.45437552266715,99.22160393728517,45.00201642955124,71.10410184072755,94.14809126535127,99.20915023893626,39.93708341685685,1,97.26334208253402,31.465621499342713,27.043894034968595,37.71241343640285,57.19354828580896
48,62.771467176508864,27.714924574594978,85.27185566387205,100.8349792058717,100.56046787426449,48.23911977631428,81.43024817652429,94.10377591865951,98.30490706474542,50.93748071785823,1,93.60470175633384,34.009580462972984,34.34196066479302,42.37373724571548,65.62309360507568
49,35.1098083096054,53.35275979689034,29.62586055949324,71.00900289633644,96.36805065687972,54.52021867999802,56.44096789466722,96.98407272585699,99.07492099659008,53.91166954282328,1,75.04756693120675,30.820922849094778,15.389589236683646,27.598939883261085,45.27839505956534
50,63.18382166694699,26.519344243889293,85.1563984024339,99.03282412107639,98.2095614811274,41.99244147495457,79.96325046484435,93.69355272625387,98.48469641105842,48.20848304566564,1,92.69958690650043,34.23367802095034,45.80899638824754,51.76989084604679,78.338534669857
51,79.48868692358414,16.028201717744068,96.69908367985923,100.11095801817112,96.33848631265951,59.36736540088938,61.66504521582549,94.22257841653256,98.82124594599665,36.81769772609693,1,94.88955955098216,41.147728618886156,16.92176371978959,32.57114788529802,51.527333454942585
52,66.70876468500391,23.557966033658854,88.91240449111751,100.25331281368533,98.81556001285068,38.67305787479888,76.09474347150326,96.07724686315998,99.43002598322049,52.31652283785441,1,92.5009449637455,33.77139574084621,30.679715833311345,39.16654505938415,60.27908490169926
53,70.17799457816935,21.939971231647842,91.85057524972629,101.13707907889838,98.09792195622973,36.91672298113875,86.52988010890621,96.46530577339287,99.30604430228661,39.98559981532948,1,96.47857998687348,28.855895446637383,62.7744873073856,62.250127918982436,87.43464787780054
54,59.891015565797545,28.173518246940695,82.73376217876884,99.27929714525553,96.80621985432283,41.33732981149748,63.74772008281244,90.02883631881829,100.1950842439324,53.79160618287985,0,92.19201927603001,30.988377162375595,46.50618306820402,52.439580937307156,76.15334499699595
55,35.01204348124646,53.04076145204479,27.905897882473873,67.02742253567922,94.94487148538997,43.85282608032863,79.54894158748806,94.68237677265608,100.71316012129209,34.28212583122556,1,70.03152279950399,39.02057276500349,28.514648143592673,41.6592255943005,63.05123292315
56,36.30204261808704,51.604054656323434,34.81709525910448,80.6533873678091,95.89025665555081,30.98681799900948,75.27347014695876,94.76015016314102,98.87413447426471,54.14467203128781,1,78.57301553090753,30.319004487719095,43.29830824703341,46.47672106388018,71.62592316656712
57,44.35615590476571,41.776466439666066,54.15730230881983,95.86439960407398,99.25669363026167,44.649052158711534,89.21123934090471,95.06785851411247,100.43876659514973,44.7993654538452,1,79.74537605733516,38.18278655746303,32.71815310565112,43.12613634592078,65.31810357415227
58,57.60880825204167,28.28547790891171,83.26943077431599,99.7914296742907,99.56792785567146,28.32513409560579,92.73168203369212,97.449037699685,101.19765611088444,32.51251109665584,1,91.76310698937041,36.807193309593,25.132417835709344,38.16820960719881,60.17357856105461
59,62.91793274693453,26.449502249397565,87.37288261983647,98.73233124144697,101.3245826969265,58.92138400545498,78.97320267752066,94.74277353099903,99.66004584921244,41.861005280331526,1,93.147083006426,34.54476965111973,40.267547929857116,47.830345115968804,71.42739510062326
60,67.16652708097365,23.224102964006697,89.75581011334398,100.19397496123045,98.3430553759659,44.19003048592306,90.928955463091,94.27852793909226,98.93679610865199,45.54102278771544,0,93.50117909861197,39.54910422481299,53.85207439638298,62.90803503950651,86.05669450547003
61,55.906813607174584,33.60002817581221,75.38144995463384,100.09139029232983,99.2341815203827,38.58042275304026,86.58693824161543,95.46791813800074,100.3229763251762,47.727913391644535,1,93.77924244261008,31.39439628569717,40.450681079132785,48.435397218447726,74.38004310883402
62,70.79962500036368,20.940718055573182,92.21896314006148,100.51919324195327,97.99786767428967,35.91661881716428,86.04158424082853,96.47757077897255,99.64665816595569,35.17811875059022,1,94.3963789980783,35.64565276638795,31.900555608961405,42.010907566617604,64.95305496147026
63,54.75379599334873,32.902132044074136,77.57466034922535,99.97097634899748,97.86413741785206,41.15569525791803,76.9455334112761,95.59894141846515,99.76010400205547,33.92626952834807,1,90.1712622529248,30.089717370056647,44.67167340295317,51.15398007745672,76.9356663472018
64,51.03316438971753,35.428105666996935,69.90549522904608,98.45302810237554,98.60636978240714,42.769205315695736,71.39072089114606,98.10423974954858,98.41423170546113,46.99584532847081,1,88.97968045268051,31.83583477616698,17.27516457421284,29.51639038136588,46.58332938817191
65,69.9457876178357,21.364756054746945,91.66417742880517,100.88475207142154,99.53569359704001,34.5548903438864,83.32105800194464,95.56986220799936,101.817566745817,40.332503831201976,1,97.03354784415396,31.467974073363383,26.537404211561725,35.530705224040354,55.307573225830865
66,49.60928971597054,37.53819921507891,66.01251386123852,97.22686923583443,97.38462029352534,35.802049061771655,82.19314692735065,97.4486524834988,99.4369244948247,47.355056117302254,1,90.3381761303438,30.333698749979273,29.881202570751757,39.738500395220846,61.178154573621995
67,28.380240959178966,57.917235214242474,18.184347842432167,48.48620926133976,92.76712178025993,43.12824994938463,73.00597312040594,92.51833525134911,99.65119321586924,52.595195224783794,0,60.66132288653836,31.785970813851733,34.31751714101365,41.146811231079745,62.91802086633122
68,46.964651402602954,40.526380149819744,58.84849679810688,95.6704787769384,98.21385136208299,39.79216252204359,86.0984458518229,94.69496144235835,98.79400515510537,28.512126336490514,1,86.62209661460183,33.878538235333075,30.851303863695207,40.12755764391848,62.819369306288905
69,59.85202044627759,30.08382806373883,81.59870850954944,98.76266724942495,99.89331675747164,54.39213103678321,69.93174289944156,96.64164508870913,99.89813976695007,47.543881165176174,1,87.18801073152176,44.232895599820495,19.91309829583728,39.41397309172906,61.86209184418338
70,23.460464516601967,63.7745996880068,11.651178257222051,38.15057346906495,82.1327100608599,56.37870374245525,38.606440144772456,97.00073897648272,97.47826731023517,57.246469675357325,1,62.17773840675593,29.76879352692407,16.639449012450527,28.793301667412017,47.36232778727991
71,56.42781460928743,30.878285685862462,76.59264380760605,97.40718268949827,99.74096504425977,45.160212035998896,79.47938639198166,96.45551508002072,96.90870921989011,42.024731556295265,1,90.02578674430885,30.39705218316,16.562601969725833,30.79233019367615,48.97155640334727
72,55.120171451596924,33.4020078399049,76.04726209564765,99.27267035692495,99.22216301698919,49.735995720545276,68.06019677498188,95.06228400309229,97.27374600437143,36.8918541676243,1,90.26441485961134,30.619860250227163,28.00072315719648,37.828170076079935,58.87411463323405
73,43.258966679717645,43.16829788870085,48.985775880824406,90.90041866333307,98.15767977888729,31.6481162637488,82.73153635942401,99.2806944471835,100.5270903838548,52.52243827179593,1,86.34733351606089,28.389497223942218,34.23483859495052,40.0710818555755,62.84329011574928
74,42.82451234302282,43.117846117279825,49.479256705966854,90.93567438988063,98.34624981857132,51.37417709432615,62.64714819778773,94.36273915852342,98.35807620407479,47.53446516208142,0,79.35165585293029,32.244371357156886,25.80503384249591,36.98882663807292,59.35680554124751
75,53.14706342549682,35.3387289147112,71.80649595313717,98.73352742197376,98.02826157178139,44.69416530486736,87.32133213732368,93.02247441327548,98.19866854937058,53.958830707775604,1,90.03879488807229,34.858714067684275,36.747351087648696,46.64646675027879,69.62653009731099
76,53.59765701233621,33.886054441872844,73.20547166182197,97.23152832133027,98.19540081300347,49.84668315950837,88.97504748251369,96.47188920537687,100.73856252543297,41.5478428994872,1,88.47962369171707,34.12064508185221,29.11132564793295,40.39345220423708,64.46517190001784
77,73.57872649446081,20.219388161238335,94.16155067713818,99.71723494476467,98.12604172810606,61.003561315936594,51.86480367510499,96.10870574560929,98.76979046113162,30.181817262777887,1,96.80675762441467,29.18480446551239,20.80892582854131,30.76712277612056,47.83555277929519
78,66.30526374052546,24.319577435375898,88.31796414005215,101.93465467033184,100.6816714609323,22.19142243655636,92.83889141953968,98.76003786644569,99.01775662711705,43.89989235288749,1,95.52313016062159,27.866919694220233,67.80410395600386,65.78869462782617,87.76004437605566
79,41.199479898830454,45.50083599222132,44.45601095580004,88.5946942592767,98.054218265381,47.60948179053428,81.49053350545485,93.70900290740636,99.84082106324911,40.54171846988768,1,79.37176219557563,33.09642168237407,43.63010352863436,47.4230064459414,74.59021370906781
80,48.80643973552444,39.101719106436384,61.38150065709183,97.30031529401357,97.75510113190315,34.008809368321366,76.04420029142364,96.20970591502633,100.2998194846926,52.753238220475744,1,94.33915301247393,19.07018990421153,46.7079837865792,44.77338147403741,69.7975374486608
81,68.38116821235408,23.821959495843434,88.33391385046852,98.82149315118589,100.69149842021531,50.92196691404488,74.82008989981935,96.23598052191869,99.91811472848411,46.93632848377154,1,96.6725988289228,37.28228287637719,40.75535981903478,49.7565728299055,74.2053911779148
82,78.46237217122513,16.07828318394861,97.64670286399047,100.33914787324501,99.49975393667367,31.86686562571534,91.72419482364582,95.47248244778083,100.14341688731189,28.69150767564899,1,96.87406518498749,39.84926748442469,46.56598507580109,56.27719708565138,82.2644503828336
83,64.2595615405169,24.47190501405087,88.91302181178249,98.20139646635997,99.25890517741537,40.04600432996006,87.33747670777804,95.2642066111069,97.61066868296122,33.048369198968004,1,92.14183930288107,31.31706800850743,42.9175424414639,49.73022329577134,76.08064634685283
84,63.74272861450826,25.266637962468423,85.94901014123572,99.76913937558267,98.43794644940628,47.02733755760374,86.59452150469275,92.89179693977728,100.42042712712515,53.83789036587255,1,94.0140725962504,33.18333623994231,29.43720223346276,37.97386226850337,60.03604900558576
85,79.23965743804658,15.034873393581329,98.44785076709759,99.74288770290218,98.50617670451985,51.13509386435372,61.05563018262394,97.66361029586601,101.01152527220474,51.797650174178465,0,96.74210496491897,31.861836834168113,29.434329275639552,38.13637997996237,60.6827769398437
86,59.903879539813836,27.803136996663063,82.77168161308268,101.59353731209144,99.37095567183148,45.74794089336572,70.94350961943412,97.12263151114787,101.69060504557635,38.597566340915115,1,91.4550397391128,37.70999878229029,23.194785122492892,36.91613207316695,58.17049871526564
87,55.19867545306239,31.712778585178587,78.11402758248012,99.08853637154795,99.04936819238446,37.071690610121884,86.1089382562064,96.14382796953272,97.72248043733721,44.98951203432719,0,92.10796332232559,25.324815041610982,46.274988470820304,47.37944038996866,72.48532548228128
88,40.5406102181187,47.38551208020459,44.2136083440561,88.13434181284977,99.41657823884559,39.46467782284592,84.85022833994745,94.3414788424421,98.20014059122425,49.45573553776186,1,82.86755476845092,32.3577799040708,27.27066520204373,37.7720804707111,57.91485833059886
89,53.21824164310829,35.88931966174774,71.0003132940454,97.96612903924157,99.28778126934876,53.84502891249379,72.13218218598523,97.13792154014318,99.28480036072361,49.68404335847278,1,92.08942581917309,29.55659105438702,11.269134774438873,26.544421176824038,41.34759190040776
90,80.7058075997167,14.719499163548623,97.69479791281807,98.65629957740599,99.85740955045648,44.945003843134614,75.33935009360944,93.02501084984009,101.13880544253715,53.7624219611435,1,98.20588124317077,31.840031653513957,27.42372010811847,37.94998587964122,59.50615450039849
91,41.59003846837474,46.705642100544736,43.315949349611955,88.4978210128518,99.02793037328586,28.161856031589426,85.84176570730735,97.40953929033438,99.37639110294506,47.56485627221562,1,76.85861530766964,37.859728556893785,22.48342089239713,36.268369511731905,55.51514724874325
92,62.14047386618134,28.0860253213669,83.44936148481827,100.8997221418947,98.67448964499559,53.436627082696916,66.56961241657109,94.13248815476359,100.97547569812467,44.05171661031502,0,90.04918309013466,37.74321277807162,26.845844028377286,42.86625879047135,66.86643065999974
93,43.61688254219809,45.597412971911695,46.25143951156972,89.67873361268056,99.64666049485189,49.162484797134745,78.74217276622997,95.84215306811893,99.80536701524724,42.411519352121545,1,79.74988453197093,38.030908698498635,53.40315079981253,58.27222872774198,83.06725252935787
94,61.22745232996825,27.720275796339415,84.65437111482944,100.21550544935846,98.95062646604742,53.73415545251947,37.77176798791382,96.16209579385632,98.99115056376556,55.55742800533251,1,92.66461170682095,35.614615151619454,17.474615419248344,32.011366094433974,51.69961233348023
95,68.49355444099604,22.098670290957948,91.54406071398304,99.37313827681494,99.77697209877337,41.633725336233184,89.74167358775368,95.88462789852169,98.03353130442633,22.491457249214623,1,94.9125710833289,34.277047059756406,62.01233744964833,65.34729691377822,89.19070488734947
96,55.611686974578454,33.06224343392088,76.11137123632388,99.41238055800453,97.55255834049954,53.2815651842661,63.53489379464058,98.50342835851082,98.42899863378277,43.61344674908663,1,90.49319677786994,33.43965330392147,32.352789546841414,42.39469026101192,65.148306942603
97,68.608789131534,22.465520937908533,90.2983361835428,100.14870948791467,98.4884389790982,34.38935079998325,72.10075882386187,96.35744645754005,100.95865594311734,45.3300010398406,1,93.20633277993934,39.31587150037088,31.585479465950407,44.68192100725274,65.89412867763767
98,69.21388167667223,22.252503755252008,91.97952703072943,98.3101977832038,98.9623566059083,50.6999981086546,80.05474461841388,90.68512377454122,99.04961410229616,30.746510391298123,1,95.03850209917027,32.96791915886006,25.089817299560686,37.45740321568964,57.15305771098261
99,64.81318195453225,26.41082587966412,86.57471470142424,98.81141374708274,100.81272968160573,40.09619690371943,70.88666509891812,97.65193920056284,97.7056850928164,48.32813613138047,1,94.40873444608249,27.8108765802208,20.514364070147444,30.651874974104935,48.47886983278265
100,78.00539924217387,16.088237787839805,96.41881570012524,100.74659468594054,99.94293489087643,51.743517049201465,79.20276699194784,94.3993910384119,100.0271211110255,38.48718987556606,1,94.39953429440463,41.11059672964689,29.80524356585515,43.57503856846623,69.18775699684387
101,69.02545744330006,22.296402871941712,91.6562882695023,97.82844430759523,97.64648714460407,55.0564411641639,65.76467846555079,93.2813182825744,101.00327622216722,53.624447963157465,0,93.44591434596289,35.253121852703295,28.986613468921295,41.166899633588706,63.89398230728402
102,57.22279798589466,30.258995600668634,79.0189045960157,99.22276945717114,99.01436936749815,37.640098479914705,86.95050814699414,96.73040731458201,102.38463045121155,43.74407915965673,1,91.44123800280008,34.60020886018361,51.35977131797724,57.95052482144686,83.46343876253056
103,49.60879365196724,37.96306850656909,66.83749407969563,97.58233808610345,100.67418676434397,44.48770520501257,84.69406196723574,94.72375093659257,100.17378201180146,51.69153240789453,0,87.15038896653571,33.37961256020577,40.0485248712654,45.97044562976305,70.20750134008102
104,49.58964715755792,37.46726366333878,65.77540942890336,96.81911548407241,98.17287719554173,45.38954626455999,86.44525986358919,97.37928805380577,100.78789273900257,57.18843605171223,0,86.03866030103553,34.70897820558265,39.45005449521609,46.9571924225638,68.78753845154101
105,65.83415350795347,23.596500220506556,88.77153196615745,99.6948252764797,98.30119886237229,56.89664817840627,63.63556531360579,94.24606750938558,97.37818801218447,48.82929582713472,1,95.30768229059892,26.925570362095744,19.77700961531034,30.031345115657825,48.15378653745506
106,56.87559281010723,31.319623257880988,78.22089716425774,99.46766282356207,98.87630192466867,52.105580913697814,71.13306178130645,96.54526872124181,99.09391756359214,36.24278856577155,1,92.94075406264196,28.2009060429127,23.542282992694783,33.924132747862636,53.13013538264525
107,85.77441647087805,12.217698562675043,99.98190276181586,100.3983511323642,98.87895447268562,32.80722455989541,85.854886130702,95.45267837100059,99.23545170591048,29.856813682953614,1,97.79097521511892,31.19775268171839,42.40797472173713,46.71045787185536,69.6454574112393
108,77.83782744332106,16.981720038213393,95.02124196099763,97.1692559696025,97.48878098084921,49.576082607085574,56.722028833934345,98.28260617355224,100.10043064798273,62.53384117516373,1,98.97895046479633,40.67653032526837,36.09322443517541,48.90921739495476,74.47566219737988
109,56.68607724499715,32.50708319451304,77.29422809004492,100.76755256031768,99.37374593740722,52.45089209379139,79.07091892780501,94.79734791017522,98.49462003611957,43.88707806812481,1,93.70872141188299,25.132387547964722,47.66513793502151,48.17905957619069,72.87416443902238
110,54.33463914383851,32.28155464927522,76.05958542722801,98.52544143101208,97.59479547944233,66.23805895927742,61.35542455835885,95.54724339528236,99.5400105165069,38.11435052365678,1,89.37831186721677,31.089544435102887,25.99551218073598,36.742354151582774,60.50553770074661
111,77.83804852018953,17.613379802701154,97.62570515353757,100.86761265526164,97.80514621171966,28.208509032458085,77.20862705760764,95.82299609867081,101.09007962887668,46.44257088060825,1,94.17093022549018,39.41529713728395,15.85138292363436,33.136646093357044,49.98256595489709
112,36.97204838317361,48.30157494135466,35.42121923496094,79.03431199754601,98.00081796645934,39.63647700066009,89.01471653927042,90.85168242299058,99.46208311963215,43.08588669517351,1,76.67124798916373,34.400200705932235,49.19483650314801,56.133316097654756,80.47227489172806
113,54.85645913856688,33.55609736052018,74.29254325895158,98.26857029288591,99.07787030109284,58.33371188087335,81.75461216895997,91.24736186501279,99.28605885315477,53.52142264212688,0,89.5382530266979,35.366471408662726,30.66314587312917,40.29189969603998,62.706290245734145
114,69.61648932382293,22.38610448815322,92.85422873306837,99.67972790917783,98.01953792710891,31.44929701393307,75.95032040912564,98.04078335427948,99.79996820918609,45.339281824371,1,96.3938574216101,27.550073984585225,17.34981358125313,29.36292767544655,46.16673969260268
115,47.458916389570746,39.52001047446002,60.73525810627386,99.81029606769353,99.19716185780489,33.00539416075274,87.95385576143454,90.42075198418314,100.04037838103329,45.13749583618419,0,87.19165724938675,30.339595339630495,38.34893120281932,44.22095649910658,68.64000023829266
116,55.5564573256754,32.46048887076131,75.1505714197288,100.48450175947205,99.05268525804316,50.17082195380298,88.03240148647548,96.69571624330172,100.38794042506001,37.85420278967036,1,89.32079459160839,32.82240946948866,47.80876857690866,52.11438874206985,78.21743552624912
117,55.769485152756985,31.72059955274983,76.51538165713062,98.68786017496083,98.82695305867767,55.18408660878784,77.85687483976426,93.28636801951626,98.82497208783079,49.69568098747494,1,85.15903249372718,43.53091279164135,37.72152020892462,51.56476897386049,77.22410420710206
118,69.23540100242364,22.830474230971312,89.21545909843596,99.87956864784454,98.89263382665621,38.31319512624446,74.75429851559106,94.78888376514946,101.15891599110036,34.66133277645017,1,95.1014635353717,32.90146522804108,44.17205942008038,49.159058927209976,74.13549478832033
119,61.948547955174156,24.15786669746457,87.134898452262,100.70857076101998,99.2263731799761,50.40127172292061,60.636802309996725,91.14976728951814,99.82380550924516,51.65889439763967,1,89.9956775775742,39.279462908809435,18.02291185744719,35.00948705831931,54.303740169754214
120,63.12779816490339,25.432079661592788,88.3091824945934,100.2053621743258,99.92531820306422,46.16955269429947,76.15428268503562,93.15770103868223,99.36616752946725,60.23937512990132,1,89.63268857595887,39.32867227486095,21.0352313048429,35.30893396683135,55.62512979695821
121,67.57189033747775,21.159412963791357,90.71916663448883,99.77624787242719,97.62446130331996,60.18749034018734,60.172377358792346,96.84847137437777,100.06094377375626,29.753139619008483,1,93.8244620164939,32.08746720288396,14.846463300891473,27.908641116423947,45.28240938418628
122,61.46300818313533,27.905851383889075,83.92502008420361,99.27802533829369,99.21491363999581,44.98481560291263,77.53855392905137,90.96669399606309,98.59348930267824,20.337707686486823,1,88.96823954259288,39.45326574766258,25.57672499834834,40.30823273176629,62.80201276519412
123,71.76691754036037,21.550272265999592,93.52162735303698,98.68002294903499,99.6498842793627,54.902473119680664,69.94858235139667,95.53656954172601,100.63110492523542,51.1687875515432,1,96.66142473288774,31.62684102923358,20.02801929607947,34.366316005689285,51.942764666756986
124,48.963262105353834,39.92502644082786,64.37407079239027,98.22253851815299,98.85853970660038,35.968821406857344,86.28396841989748,97.46409852641285,101.76445451062438,70.47897815483125,1,88.62328153341414,29.644558116819027,20.642260343656126,32.20668241543307,52.49820475480424
125,42.78008447859064,45.40760672667901,45.208528719715545,90.35796834051405,98.6538517101431,43.151211505379784,76.20396024369614,97.71211143387265,100.16856631159416,34.99075151128106,1,76.36453969298208,40.829922947947296,38.31388259178056,48.73798826898324,73.0866616352521
126,37.885857251678594,49.86237679215634,36.50040613561582,82.76811050294151,97.69379486186511,44.032955462381814,75.52187637867324,94.82163511625397,99.92066625116107,32.49304241198011,1,77.40517116979382,31.347588885727525,30.780860563245554,39.79470569125632,62.83946688143436
127,40.156699435664315,46.57973619405541,41.80525093213614,85.80690623519968,99.82475600994559,56.39107947485225,91.70433238063472,96.39010673756985,99.39980470643052,50.88968933780474,1,75.79879050152893,38.59045947006053,37.621135470415965,47.74007210449557,71.90509510599736
128,50.42800385352194,38.57100133519578,65.1666772399041,98.27352786117898,97.34806036496164,50.79613039520457,71.90462265804764,96.4561714810568,101.13811493095203,36.59278409941692,1,86.21529278352752,34.151171732600446,15.912012713537392,29.944481019676815,48.50396806072082
129,71.85982650524515,20.814414992205833,92.08717720733253,99.69017160172922,99.69652208209533,37.482468687064305,85.79254401164161,95.70346680676428,100.90854322403435,39.93974516063264,0,97.6646137978298,31.746502855121246,69.83705526055172,68.16152197703416,89.6071844777365
130,59.19139525430553,28.729925558093502,84.70780699383873,100.75159922458468,98.64465548249463,51.819677636799355,77.5957022720756,91.16121955836549,97.68681335169896,41.51882533316222,1,90.02084455943853,37.98532306776976,38.08988340185781,48.627215577801884,74.94735997424888
131,51.64863412108762,34.937728941186,71.4928370645325,98.45650831891085,98.28339246710486,52.70631276427615,73.74219158588394,98.14102374085759,100.22118216747747,50.320020862917985,1,90.5166073854843,26.785672675136272,32.61729858913079,39.404015635585985,62.713971850870465
132,47.51781476280383,39.48543852648652,58.67473949151807,95.4177520525803,97.98791607285882,43.883542776805534,69.60984365256736,92.13145001017155,98.84729843396711,40.94697638606881,1,84.49555273038298,33.70203769531052,38.97730135237134,45.57988294707025,69.0960939373709
133,51.55927221466751,37.381718957756966,70.44429434658137,96.7412608071775,100.05454807710164,42.42337684968191,84.51398324733337,95.05903245309705,98.06666909057905,47.7788284008016,1,85.67814262341479,39.71789142887144,30.551315375608095,44.97529342200946,66.05140353676987
134,53.074218333856635,36.161516416095466,72.07854879651282,99.33453827723216,99.88842143211423,43.06196754577444,78.66921928142804,98.29628105735732,99.68461278566808,43.234667411064244,1,89.59984752711574,34.93853137748506,31.56493753972982,41.440634631032225,64.60583332253702
135,52.4831079015071,37.06562499572598,68.78936546623093,98.37146873601839,99.4657136060061,28.050075940111164,90.7562717298673,99.25038518695834,98.49941609223144,36.553288963483965,1,89.04717408770449,30.015856717444883,49.79304979723848,51.252853279120295,75.42365514294184
136,43.805111940039716,42.95267515059687,49.62222340169416,93.32677249553991,100.2719910389492,46.88743008124617,90.58810699251916,94.45602946478832,100.81565874981123,41.80173742256779,0,78.28023225653727,37.92724742295078,64.91806783817223,66.55804936932023,90.01341028479642
137,55.65920464106422,32.239364450381366,75.95853982756105,98.43525184618298,98.59506968372001,47.3457792922728,77.14877069377658,95.52767184611851,97.03190373187417,35.49600334832081,1,92.34985027935568,35.089338989255936,50.752178064265905,56.213586626794964,81.73078859689207
138,70.66242303107741,22.35664471529786,91.79304092302813,102.30717262815168,98.06664335239394,36.344714762410106,87.96133707363576,94.04248555014141,97.92329902901803,45.06514985869749,1,94.35239748061572,42.61522461047873,56.24513754514768,62.787251869090845,86.24516182485347
139,34.46282024322171,53.25350490401494,28.371679276912587,67.64252540230143,92.9251370372052,52.42446249875067,58.48870774901519,96.64648279425309,98.4074076427027,33.76133772434363,1,80.48303448435473,28.202360841515997,14.512964568206495,27.487103318234535,42.81913963823895
140,57.526077159856015,31.744464876946324,78.47282819646948,99.68248056250223,98.99111265622703,31.270330641763746,85.82561392454326,98.41299493517855,99.404637257591,34.07105630704757,1,92.85339902879373,35.181534343273675,55.0178033230902,58.34124529900199,82.36260380819459
141,34.31979997341859,51.85497119227864,30.098040667426176,71.6746332303484,98.19364701886103,39.48187178607043,88.88344786318926,91.2748122452616,99.41684370598809,59.56961815305256,0,74.08803962680518,30.937094850134322,69.0920317620417,68.10591345710746,91.3748948898403
142,62.400921860683134,26.60274122304519,85.45251745555953,100.62826686027307,99.02602507793407,40.24780931008448,80.73336699679969,95.72133334204301,98.54344830272656,44.468157796946585,1,93.38391964836421,30.785132686710366,53.916339460509256,56.469255426309935,82.54922719381696
143,49.930236081962185,37.803879391681235,64.40661972258766,97.31159606069002,98.63145629429793,64.8750983198892,54.3040500268828,83.47523579275604,99.05044252241555,44.46097974527957,0,81.95902270566795,37.38141474418948,20.935804014171016,35.06937019911872,54.874797478667375
144,35.26044106363685,51.88414626188326,30.34580975283585,70.74718545858687,98.32238060584494,29.008159367421193,88.77779513755569,94.66918187529394,98.15211864067342,50.11536419917619,1,75.52415824527917,33.080806393784435,25.810781002374995,37.70332447820215,59.28556601448046
145,62.132238810353236,26.770617591318384,84.11370416172663,98.48271722974059,97.92728334137047,50.62630255206262,70.62003087037601,93.49325110167877,99.19106526462008,40.79142997451129,1,93.5117039133296,27.657778810839726,8.608775919015018,22.754933997434996,37.866960766028974
146,81.42950961061588,13.082042813156121,96.73775522449142,100.62234587543341,98.14149802012201,54.421232775889635,65.70682887332924,97.64009655340874,98.39566798535,42.71464632521842,1,97.57251667002977,36.639684897205136,27.41669462276705,39.368465059343585,61.17163751936143
147,62.08476945239552,28.853053922319358,83.51028913495254,99.54826684312442,100.72647052240009,48.77725564039867,73.88601510056158,94.43064706881762,101.44553453059606,49.25148735331909,1,92.13817497150673,29.072086499751535,22.10607414072471,32.97834277759268,50.164380695878165
148,70.27387176091284,21.381695659604674,92.29416159479476,100.06846947704418,100.29538143828277,56.81807944353389,86.99997931237588,92.14147387717661,101.67248652438343,47.824158422444015,1,94.54651495172779,35.066779647431694,26.769339766711305,38.69004944259418,62.04918278013512
149,57.79972981026613,29.29337150044441,82.74298213235619,98.59290110533114,98.2002764609914,34.972623128735776,78.75786568929368,94.79883595513068,98.88956717367599,33.4070327306757,1,89.51205125731677,36.489727956987544,21.26527963265057,35.195548336300625,54.95621927705556
150,33.98312534004556,54.59183996484244,24.41542703663482,61.281988397916464,92.69477757525188,22.19741397687811,84.79188282806072,91.70273226312413,99.40469902002425,53.333425966696616,1,72.74739017964257,30.85333336918957,41.2085395256407,47.698898016465094,71.74339085289058
151,65.65880924078536,24.555922613346414,90.30061005736756,99.89350665763989,97.88041008271675,52.66817888970264,66.37201763419046,97.08383156020128,99.28624210113718,39.09565056710957,1,93.12230642444985,35.53603557598115,38.5060930520444,46.60745203027729,71.05552711499513
152,52.89266716728741,35.7996747739604,71.37910919117282,99.15422150119261,98.98796009766188,33.0417183532891,92.51451247175801,96.47320792255626,99.10090923299396,34.43921049685814,1,86.80667489394457,35.23121050028043,53.88420042438382,58.40820471576636,82.31440899438445
153,41.6547330873824,45.670640857165935,46.6887203395866,88.87411725337705,98.17822216152086,41.73600123454065,75.81190966030233,95.68032378927428,99.33490195544451,35.99524930000948,1,78.944568607019,35.795615468297946,53.37470876822197,57.448857657027716,81.36875400996384
154,68.47231988830954,21.689911603814505,92.90244610375242,98.96823927520421,99.5476215243255,33.21154002575223,92.883439930851,97.6592761352896,98.73079731338538,41.09454655644677,0,92.22255670690723,36.51356213469042,43.72269883295605,51.4594815081649,76.86122337384658
155,63.20668917890266,25.59466095064603,86.21725008020427,101.27840154509427,98.8644408541461,55.523418569495306,73.31019076409106,96.96204330277911,99.35963949475288,61.27300254623067,1,90.28412136432758,39.88373820502552,22.928333407105065,36.690934302532966,56.77774864059065
156,53.299732405752955,35.06199207712162,71.04680691803912,98.10579688927596,100.04241931588318,53.651502348674214,72.76112706084776,91.15153636084356,99.58776398874978,33.244640950792196,1,90.29622939968256,33.69594220366144,50.17913532003611,53.76510812367308,79.45267992392786
157,70.63645180450364,21.779356196664615,92.82464022751945,99.64986321096346,97.00181371357613,37.79936338093006,69.05586898380596,89.1798400538596,99.69721488790792,46.600758925343406,1,96.68634763416583,35.90099371297669,28.6797536025333,40.0531263142054,62.73393487463404
158,50.558701755554196,37.73445752977491,64.74912630697085,97.14120505423169,99.00084518408886,54.0349184460966,82.85259057594776,93.2772616944735,100.94686590630705,23.621756419094226,1,90.71943081985182,31.570077985811242,33.52540638377852,40.45666776703919,64.87762371380069
159,67.97711942546125,23.470562000498607,90.2274066886658,98.17579093159158,98.43236057994122,46.212772593197165,81.2579438430928,97.34006311547522,99.41499369421452,44.98433066854803,1,92.34864698086207,42.93195801146191,22.963501883169616,40.08971491751997,62.11623557811376
160,47.12966866490911,41.707568703986276,56.28867771653765,94.19565161259523,99.68295290212494,43.60611169440253,81.15738212531876,95.36782838407468,100.17881364572452,53.99566417476007,1,86.7313549990881,31.106596633999356,23.452785314534623,35.1475711595676,55.30503330903755
161,65.21442445430156,25.11925624786133,87.05809102834786,99.94910507083827,99.10740487369206,45.574166620423654,75.93831605151057,92.29133523720948,99.55274098349273,42.63336677938545,1,93.74760278648216,34.96877521503774,25.23417216426291,37.75436066034088,58.50128376349716
162,45.580773728241915,43.01296775506103,54.74597530698897,94.01118248820649,99.28061312934159,42.97250640150044,75.96413017241345,96.27155660265639,100.0721464339886,38.70645076116658,1,80.75226416956414,38.52174407480713,39.74377943483946,50.29580625868112,76.56411094730655
163,75.79126724339886,18.904705972770653,96.2636181408298,101.82482305648143,98.5277562019804,51.150052638109685,58.665011546122315,91.50953566582024,99.48446288108069,47.315110640585374,1,96.38110095973015,33.95015405528062,19.249719664221534,33.149641514081445,52.72575502629718
164,62.45068762271656,27.249564951202448,85.01366489348979,98.00567703573921,102.98360387063985,48.10347570443082,86.18919595308905,93.21329679523811,99.01923087422192,52.001517511506506,1,95.04018874306351,30.192752768512566,27.649937400548918,35.12006105275718,55.56062975777895
165,74.97832718337139,18.205481125203008,94.04156395794398,97.81607165250078,99.71916827830673,41.505328535661775,82.43605485092306,96.25474035222055,98.98114134678661,51.636575710174064,0,95.60615126950705,32.40563971702802,42.90859501127893,47.7466699367516,74.31642913553979
166,48.79256635704612,38.488710577593665,64.30238927781578,97.0603800389693,97.93547614441243,55.062557458155574,65.9376913655621,95.94452044383848,98.95245834273643,64.72473853929792,0,87.664105219515,29.568826258825993,23.67983278072248,33.965765812416706,53.74919237851723
167,54.98481580521718,32.02115784102144,76.2423169543371,97.794663728488,98.57885353912876,38.88524385236174,75.00290526153321,96.20505331475404,99.87823903119309,47.091674723362765,1,89.6448842571995,30.41350738141095,17.90116572788021,29.14969495410299,46.520229281487076
168,70.26725787520965,19.7109628287828,93.23035253041041,101.12293194575798,98.66320972733325,47.86933643067452,77.47130664321766,95.8303665919712,99.49577349127948,39.07589900247068,1,95.21918882903714,32.39013729725393,32.52515639925705,40.46949795531036,61.61129743691324
169,28.401421970130034,60.34505956695361,15.105938783148302,42.336835504433,91.3229089960579,49.221553712523146,69.03103362641089,92.85168528535765,99.65959968401587,43.74020810013357,0,70.42069267350107,28.698111779177466,41.40592993514595,45.844762170936846,68.34132883552576
170,46.585688925328625,41.03397193009774,55.6209140031793,95.54115866380145,100.32385489066338,59.7880705983653,83.98878479624467,92.72260246605381,102.02765086093926,44.27501454380188,1,78.7776330558269,42.302494156805125,42.96224236501545,54.14685782979002,78.89787494749285
171,71.88552589595497,19.661362805363165,94.77021965828541,98.35352222341653,99.5758126567861,39.94558636651032,85.08793217089283,94.3712637228568,100.63658937730912,46.08737383478119,1,95.21771186458831,38.657936214657276,33.42766221232425,43.3066437075653,66.90268538358397
172,64.39184527019394,27.046859285386407,86.60522237890781,100.2236160274939,98.55140569091945,62.43082446310407,57.059675159130435,97.43545684031879,97.39964478475565,44.69972186770565,1,94.05023067818331,32.48671604797682,19.013137150453833,31.86367242601314,49.22020056021495
173,69.86064456950623,22.51981619844757,93.21885922349215,100.375615514056,97.79810664394874,46.761649516224246,64.62266228612779,95.59849396044754,100.5845286933975,46.73965938896203,0,95.20403944891623,35.97676719130577,13.842840422109814,30.87262846705821,47.87122599768094
174,55.549899571468366,32.794412732592164,74.47015007901834,100.08765373287778,100.49663749031279,43.06023089347427,77.94698777491124,93.1857221629731,99.44426226965831,28.291499393848873,0,90.13787697126878,31.18129308203616,22.216654003190826,33.754988766200555,53.905562852427195
175,66.99967049203165,24.551920458289214,89.54544872582522,99.86730387532994,99.66855159151473,38.275272490613894,76.97427722034054,95.05122976727709,98.49184868472258,53.296289560400425,0,95.34590778561204,31.345493921104218,40.70248078414757,48.17999500531764,72.37663379780572
176,50.71195147512248,36.939350831893904,66.72451910038977,98.4012005468613,96.02583322284373,50.862934190545324,73.94962958601154,96.68271123352886,100.51502436905903,39.25260731078968,1,88.1266541983915,33.08628082011235,36.85185087009114,44.20613590078284,67.40400599800108
177,41.75336809346024,46.1604839826025,45.038952123677355,89.28004670142106,98.75887143292738,45.489352444423815,80.21715799813157,98.91086937254158,99.52897249701995,33.268413035529754,1,87.68146381792026,25.79941215145021,37.225401446429736,42.657109191182684,65.59169350982981
178,39.087947086030645,50.27972288537762,37.2228625168334,82.34106339827905,97.59676429603395,33.963907340722145,89.4430755948896,93.18905753974731,100.3966973543737,51.37751159641436,0,77.44204893065103,35.03935017356605,59.72376462287083,64.68004774579109,86.80180669724736
179,53.51950308092846,35.61356825562134,72.11722757392035,98.19949335816462,98.70436510765846,33.72112823741364,86.66749494635661,94.39388125556896,98.44570550199717,58.17326007386082,1,90.0384475435938,29.401038958164996,38.046603122997034,44.461722124119895,69.18601856718702
180,53.29444636123294,34.48641507007271,71.65654932422528,99.10540691994765,100.5710163154037,39.44480792199466,81.86661779435369,95.17805788551857,100.14622559536099,49.930281494994425,0,86.28884253431836,35.262761382604936,39.987816245818365,49.09841925299123,75.45188479627944
181,51.46244985750216,37.1340421404637,68.71883287268479,97.61909565888413,97.99322339969059,38.23993996128832,84.32112933537417,94.13963515490263,99.51262425513114,46.611593138455206,1,85.33078680546627,36.2290226332948,32.27964158703217,43.86550461237513,68.58562377808067
182,20.25303211841219,67.82823794941606,6.2148816606729955,27.536498634096613,78.44760719566602,55.903023917272094,44.30329684561586,93.85629741472071,99.82972940499307,35.67779694628048,1,64.18823040189099,26.289754767942828,15.667756771623166,25.0044867133529,41.69959722357
183,35.026449813754596,52.40829701512198,29.459311508573318,69.91172683887525,99.12918523102097,58.755382979701785,66.44370670125673,97.36880698915458,100.37040888808852,73.715673378135,0,72.5857805534609,31.889985301672773,32.64377112091513,40.302469020001936,60.72007129290741
184,53.009334835682964,34.60835429255506,72.01211781209881,97.94960719271957,98.73465326431595,53.68559623867508,78.79559653272793,96.06806719723704,98.45363198105149,53.80258620661508,1,88.81192473213657,28.40497169583266,16.856579243959487,29.84599847294697,48.20167620832932
185,63.171123303108864,28.304055283785758,84.79044902889308,98.8067906181491,98.82906784959849,48.57868890031063,76.61086660513884,96.03273925738685,99.94949149044346,33.60705329657024,0,89.75155735045757,36.80776532851222,41.69503546378635,48.87662758883415,73.63356983120883
186,53.51364840778084,34.27801762475487,72.82461193105098,100.15643711633182,99.51476441339614,40.717617921553924,67.81112187539756,94.95622969826766,100.22219452365599,37.20362083760256,1,87.58220030220878,33.09344305103153,31.330098995313755,40.9323018881991,64.95610105683555
187,50.86219223788146,35.69234878512796,66.06260487909637,96.21160784254965,97.67666515583636,45.54483210920246,65.54513670597555,97.50075783954244,99.6366190552184,45.869792485719046,1,86.1729759140682,38.71657510331685,30.03103532372779,42.96552436432683,65.70709342140673
188,33.54662955789501,54.157278957501205,25.86680234200744,62.36838409201267,92.15637348469868,53.84707006028546,48.524230700487706,96.3532338189153,97.4365054087528,29.45268868004014,1,72.85496663950487,31.87562406716021,14.036943576589646,29.712769686662945,47.91557909229156
189,81.0151568009219,17.286269099128173,97.31093966142669,100.44082194473904,99.76592042972396,66.30972233723313,79.54076493567075,100.3900727787609,99.6629846023283,46.686304070105145,1,96.05877725455612,38.095355133190864,46.63057468600462,54.35321594996636,81.40998264649429
190,45.84161847058553,42.44496084410029,54.835249217950015,93.71289348906245,99.08294345702538,54.12899205301794,53.30972395080367,97.87645075364489,98.93396365921994,40.40928444287241,1,82.33429489825043,37.17760888235762,17.63900048020934,33.86824767104182,53.947889419575546
191,77.27592238417492,17.967823639783727,94.36111764043235,99.2880570602652,97.31051033623679,42.19587855705276,76.66873176592537,92.02967612407555,100.2988592215109,57.26270600316217,1,97.67828041987369,32.986888532278556,38.98041154946989,46.19518802984319,70.68279072805173
192,76.23392838227502,15.442395922798033,93.54536697107653,99.24485016827829,98.67340767876297,45.38025075770888,89.53912455689822,96.29393770423997,98.75676403536978,54.62154663628247,1,95.94942862983312,41.618571018036754,50.702003523499414,60.78970698093927,85.04551992256208
193,64.26164167902549,25.07777723579839,87.28778963170983,101.85536678663817,99.27267395014076,40.17455098848167,87.76304407246641,94.59072255304903,100.31360747741574,17.887145625652273,1,91.01796724347851,39.75167500374407,38.64034429541295,48.69209715435285,74.1027278169594
194,50.07400515875458,38.99636780319017,65.52707269552091,97.001306895906,100.25159912423923,37.176014240505836,90.10264489533728,90.69013910246811,98.91639780851463,45.41702586027313,0,87.17362986855854,27.09900641227846,35.62340437051639,40.31038242255803,62.544624934434474
195,61.70401215305283,27.232018233893694,85.0708542471378,98.77376474791876,98.09938210147477,43.157579977820355,74.86633172250424,96.98947378148837,101.863999370107,28.82532500476312,1,93.91247899889864,30.862504957969403,25.43260438731152,35.81322647478825,55.07513317730074
196,43.60590932957694,45.35607757606113,49.0055637467371,91.43798864300487,99.43222452326457,46.95614692205116,83.21976865467234,98.16897475271742,98.37638804096082,56.09637999248523,0,86.44143271062087,28.50839778820573,47.215810949707894,51.81524461286321,77.69024215013509
197,62.952955137374566,27.13503763604812,85.84506160269308,99.75755684618939,99.19039417039926,63.359015866775636,89.27977505007554,94.04776331116656,100.63197502222008,46.681058691278245,0,92.80724370054499,33.824458356354874,41.75278671200646,48.95722159609329,75.55965711133767
198,61.22877007511694,28.424479813550093,83.08490190383563,99.91292471500655,98.60503644847996,45.52032469953394,77.20194694334309,97.57557098343112,98.78593681478134,50.48405452186997,1,94.57910856783644,25.21012185494926,34.4831657344094,39.08514227295065,61.40625364555542
199,65.14939471365226,26.66778928752575,87.72834516720316,98.12030320384359,100.3758922566047,58.57358074963436,72.08693245435435,95.28078778176557,98.77931840439011,34.34875271196701,1,88.52549551554411,38.79194968635238,31.230896522154424,42.70749633622904,67.12506013009934
200,68.30017045582815,22.20659639513289,92.28677734766956,100.16064650506954,98.65864840227869,62.67489081124737,59.93666814022542,93.07321196437128,100.75456470179753,63.284302379955,0,95.2120213411652,38.8413175050073,36.17266266351485,48.076488003411285,74.09072490231259
201,79.31003722008673,15.47119320108658,96.51393130260755,101.74788696506052,102.04061904402266,45.78807870259706,78.91746284366846,98.61996161063595,100.43818456516097,65.20073367150445,0,95.74353780937399,38.82273239077988,28.356778603156016,40.55032981683374,63.12956690679841
202,56.633780861872665,31.98594409525566,77.57668608558268,97.3101188791332,99.41742336669911,61.07798887616239,68.25200069038522,96.84726022664167,100.93590067018893,34.35228957373788,1,90.0022523501272,31.778213014406116,27.68717687556023,37.1531270421552,58.16003226243449
203,72.03729572091272,20.42818068785589,92.28414594686798,100.2917258229544,100.56632093280218,52.14935404568883,84.71874780598,96.41187025361924,98.31643373032615,48.728151218663164,1,95.4452155872874,33.17664854935464,21.334167953487764,33.39414468332068,51.852071264938125
204,51.35939838501924,34.92058121839743,69.90218219597374,99.12054485295594,99.29151336681292,40.82464705040384,71.6745396862655,94.92696939724632,98.6224488588598,38.26697571609813,1,89.30995028306343,31.204114820595372,21.624956984795322,34.109077446526584,53.9610266135511
205,48.015668547841116,40.99993439094287,59.853260693120205,96.55120206615034,96.4690802002569,47.65180024848878,57.66048201327156,97.3326104583176,99.70333799967982,44.76430063139268,0,88.62272444607945,28.652527563936772,28.660577746432438,35.76777134373981,56.69700029621715
206,53.44534236767415,34.93692297177933,70.57373122664133,98.24019632818764,97.41828819396102,45.228778180449304,76.77685043573625,94.56889119839975,98.61136142435804,32.34363020775436,1,90.4820491963018,35.54770573658303,47.33635756769856,52.8970589042499,77.27422101835434
207,49.42762125564847,38.262325789131836,61.57161374563674,94.48905412736103,99.36206520353713,42.676609700550486,81.00439065693985,95.53179970481376,100.98511296098363,63.671455145806185,1,83.80439453115787,36.92041360808485,24.278110303578952,37.61610386883253,58.612293665239335
208,71.53192341345553,21.159632420794125,94.00258155295904,100.95197649664995,98.35475549163567,43.012187670050665,89.30556077642417,90.6789880687376,101.54587350743664,35.30820488917332,0,94.28604892656622,39.11843298453737,53.91322781208474,60.35306522670697,85.9574208160385
209,70.58097683137275,20.767415686583412,92.76094221491796,99.40243253848551,98.69654418276902,46.44209303472989,82.58755045669713,91.6426841328107,99.60496734846586,42.03916185002505,1,96.28477167365897,26.50926231334186,30.170139734332306,35.19720875536612,54.68671969703487
210,75.09404819333426,19.53009824025064,93.56199046518198,99.53721138276808,98.3845143008469,49.34181140482217,69.15554312380212,96.91168894653833,99.83513125190913,50.014829311105224,1,95.92991301956346,31.250424069521756,29.66016753229786,37.65758785703689,59.7065764683728
211,60.696403913536805,28.537403933040352,82.9248183172851,100.63601139599135,98.3190627735281,36.15118124841271,88.46670536596424,93.98504716108532,99.58099874868944,38.524393215838714,1,93.2197375728117,33.80640384575877,21.873213108789855,33.6772303263577,53.4589963915039
212,62.367041023550875,27.856788279823924,85.4000082033587,97.17284168994719,100.47849033780423,44.90612338003806,87.02153615429438,97.04069901384132,99.45430951127548,42.60687570267698,0,93.58520279804735,33.20020122477264,41.50023175641208,48.23394010952707,72.75453976430458
213,54.12685981665911,33.21051326400746,72.94586744371315,98.6337982784023,99.85461709537532,29.776449780549946,89.11049429705257,98.32240938553593,99.72065172955458,39.36360153573035,1,89.17208129449479,34.02081513867928,26.82355139978361,37.00020182089211,58.90030961344568
214,46.368827138600174,41.08147225537079,55.09186308980653,95.41129749419426,98.82966429696441,47.60795499280208,72.56457180646402,93.46841716171545,99.25404425466206,43.66539245163706,0,83.41675932074652,32.765582404917375,16.751945841592182,32.4718922302172,51.89972951346119
215,65.26031595845772,25.28694397057142,88.29954326011836,100.33255460863033,99.8210225315661,51.23599475781384,81.04377729296303,95.87078729725452,100.1945163433473,33.29457364899697,1,93.57401314920037,36.80405549634102,41.015794045101025,49.903064783796204,74.9344800248086
216,64.34962180742593,24.653882053605013,87.43992691487972,100.19473484692516,97.97297031400363,46.63954838359807,73.42079020038858,100.47860751489839,99.45170509632061,40.620119243976994,1,89.6510046141257,47.309287996919835,32.55973484480651,49.753106739643314,74.92185389622112
217,47.09530495520212,39.99463345985365,58.30817777989446,97.9825254125023,98.6580588970492,47.85853151918743,55.76231067503688,94.99087002064158,99.04576476149957,42.93107075287756,1,85.8778223275531,34.26966407535149,8.556029941877037,26.453085328960796,42.712451128703975
218,67.40191260891679,23.297600158940078,90.95537797710034,99.96973982633274,98.5701836356083,50.899431035596656,83.458705416403,97.6133277118804,99.48479859701149,41.66273996195865,1,93.09578199207711,36.93136310703422,38.046158378536745,47.71437379406942,72.94304995342564
219,37.9333362599346,50.81075766456733,33.69390717708828,77.78650784905632,97.68080138676557,38.348991557830004,69.4979547896784,98.70895722906133,99.23348552744069,45.56689954893795,1,79.5778765175319,30.04407214646374,35.833897677999566,43.158675058283336,67.09982491300059
220,58.53422319557162,31.01650816737948,78.46416926550694,99.93319565396654,98.20855459656269,42.60951140675411,76.00944087930043,95.14976169216595,99.53222147269369,42.06897780643279,1,93.0646479451412,36.18704907002372,19.627585378408714,33.53220384729707,53.5830005868151
221,51.01129118466949,37.84242739250925,67.29713898565173,96.49951502311325,98.16748734962525,50.10922043815785,71.16811568872029,94.56909026855462,100.13565791506085,52.53211408439381,1,89.28604819902654,31.57638359446552,7.972025919509171,22.95401572730281,36.80001836395802
222,53.25244051094369,35.181691945754004,72.422679872351,97.88187896140717,99.94538592705764,55.01885734729143,68.91305812972784,93.0586609727603,101.61165494651448,41.7680407421417,1,89.64330351421188,37.478093293535906,26.93300919485148,40.00269024353833,63.79884798315062
223,44.76943597339174,43.81194188710842,53.84248162145357,96.38799499341407,99.38104282750527,48.949214013452526,71.51684036898634,94.4946347346842,97.82123854748002,43.633504037041156,1,85.74299412286645,28.21845043384022,15.36226830846062,27.014680600627454,43.04387342542455
224,68.89999945627645,23.83502590496797,91.98559695824551,99.44136912710006,97.27190067966428,70.52859422355195,37.19848446512256,95.61281612799078,98.23754387236853,38.352186640041474,1,91.20310238543752,48.458784211488066,7.920848410425808,32.862987276325406,51.69424335963608
225,66.88327245062166,23.884916043340482,87.39447397279012,99.52136026580972,99.79061470360584,44.08639427815128,82.9905073929642,97.33243476306083,99.45547008503216,39.73485159884763,1,91.81774333341949,39.92673545492379,22.72944162818068,36.82858056855835,59.06744670034717
226,72.86055063574423,20.115969541238517,94.10663577652747,98.44120254657726,98.96500606928586,54.99660429354846,73.31079802778747,94.76844496392388,99.56417508142849,32.355072091802874,1,99.57400174716754,28.233578071173163,31.4642026682819,38.551892089742225,61.26325852141112
227,61.510611059564226,28.38939828758984,84.46533949275492,99.13746053993013,99.01657588735925,57.66727678250083,68.74000783314968,97.20385525774341,99.34107685951925,50.18784920877964,1,91.47887319478383,40.61335186201551,14.7908610145631,32.651303587975214,49.69714195749586
228,44.39825443769137,41.269158874871025,55.03901717021983,93.48572498872747,99.78749198388205,43.66230153658222,86.40065860728528,93.35412372794379,100.94162982777594,33.57481982347508,1,83.83395269456821,34.7843053689787,34.87546409158161,43.47955247663283,67.0884446733962
229,55.5931187500999,32.68249669772547,75.26736237241812,98.31433060197648,99.93785526157163,36.794871177972574,90.65898265385972,96.12371990773673,97.52754129392751,37.54143601811675,1,92.1948375235878,31.086479120576737,49.39490252953331,52.67418058219402,78.75667895323309
230,44.235212138059744,43.846896710694665,52.34338157101062,94.18102338490749,100.29180041432396,33.17397072472808,91.03142684327217,95.53423373781234,99.54666698896914,48.59244652011205,1,79.70785297458356,34.71317409368188,41.3041553743529,48.63024589416374,74.077639611088
231,65.17251985688003,25.72169869808956,88.86497726130354,98.80295325628849,99.98965068165963,46.62276999829171,90.30417920793806,94.44128423137761,97.98060918565268,49.02573365944532,1,93.51082095982275,31.365051197317115,53.14986154042194,56.16649288541221,79.7145444229376
232,73.0260642637535,19.250786141942736,95.55126106585448,99.17027780381589,99.47927754196635,56.10291954538829,72.9623271291429,95.65188094113422,99.14071845146209,40.99885248994929,0,93.88218711640816,39.293676195788066,41.72524510481656,51.670420718039686,76.23182063298646
233,63.08004116839879,27.53668301984917,86.14202298919109,100.88365541385346,98.15717527886247,47.71668398855417,61.40533814582124,95.57671412042367,100.36358428145324,24.807341895111982,1,88.05723735599486,43.36918851381566,29.849442124286856,44.61476295568458,67.80621514589083
234,52.21722560413826,35.17367184247484,69.4428536117201,98.76631297876114,100.54944592738067,46.728560753697536,79.62660969753031,99.2085891144895,98.37374763586482,49.20513287295575,1,84.19266975768326,37.674252998140034,32.93009263773601,44.024559282470655,68.43861588295876
235,54.82423750199442,33.280036982837196,75.30219124642106,99.44256655664982,98.222436300334,41.20786116987294,80.05733759774759,92.33928380350036,100.41482818657852,47.595634588920596,1,86.73751833314844,41.91987255359186,47.342876371024914,54.669033954087865,80.8488573313465
236,61.48454459986304,29.50089931788838,84.19449081984679,100.46420418885754,100.97482027695843,50.610297327935704,74.66664731272738,97.74925249044023,98.90929829197796,30.876187845282246,0,90.05065610603573,32.67565729424133,26.36224876123001,38.27742945501673,60.22947597850988
237,41.48545384304297,44.78916691805682,47.57949564445049,90.38833128639493,100.3637428528297,23.64168948556278,86.56893348890902,96.67093176555956,98.4183142487485,52.70322082794496,1,79.44281631083746,34.242950933481175,33.65727995918934,43.57237458518993,67.18125192872748
238,61.70945803635745,27.555945068656243,86.63393320014887,99.172727851798,100.72794026116742,47.32373251374717,69.01693028850683,96.404618987454,98.22006817673501,37.98900199566574,1,92.64199283287631,32.516918421313314,19.80571194216993,31.110125806869455,48.4349959090504
239,64.11506043475954,25.60776827362828,86.28389923820501,97.49225272745909,99.07381019592397,45.2812630955296,83.4390457082471,96.81466763022584,98.75286737548187,33.738118838466995,0,91.55306593546221,36.69911827380315,42.60129293338401,49.93623000172369,76.10577173218303
240,52.176397675029655,35.75087508662068,69.57671759571475,99.04725466613296,101.41436697001478,31.29659753438259,92.76568247080546,98.25319006857329,98.93097950833489,45.95730710964257,1,92.47934106483982,22.971559643701315,46.440474426483135,44.659204732679214,66.43556724979847
241,55.08375512334529,32.6816236265945,74.81691511085042,98.67736951316562,99.54186871660981,66.75597924143861,46.423523456192314,92.71255604210896,100.66391078412589,43.21529568600785,1,88.63270054222754,35.117690468361154,12.338945237285953,25.771532377142925,41.87074120691302
242,60.24075753939136,29.462991492165788,83.98649540541201,99.45652828224094,100.2667124785907,31.12586768445413,89.6011848282749,93.51837386631658,97.84195999310178,47.026240009911476,1,92.58948338716476,38.825771695420336,30.279303813992037,42.185152110952984,65.95557705024794
243,51.111428849186446,35.7493291625542,66.82625313014935,96.81761769674871,102.10721194162079,34.2247950315234,85.11647013529598,96.43541477772888,100.0611554255585,28.942519416755616,0,86.16515781215308,29.0554727325686,48.88134182462068,53.334494930608095,78.9707345931271
244,49.16085699787735,37.32732104174281,64.45724920148321,98.10202335731282,98.96865145506352,32.99136892447174,84.10336812912988,92.55289239449036,100.20946536736116,63.12230116272373,0,86.30692003971295,32.91309686197218,43.90791103768411,50.01826169622795,75.1200191425766
245,68.70657308208756,22.879790368181254,90.1295083158866,100.29573954220605,99.83954621325296,56.10367801758687,76.5686352181912,87.30941456682199,99.42595853700136,38.97341385456272,1,92.22174058109181,39.41228134529378,32.96437565408919,45.14719852351577,69.40643642181799
246,63.56295070084358,24.97227250343369,88.23034530467565,99.79683419349193,97.73847678883024,36.11915138840809,82.90111315991244,98.42899964917846,100.27645356951275,29.60340691503589,1,92.30760222506682,35.42227611463835,38.77506406276667,47.35256847440706,72.67909879904937
247,78.35783737445995,16.793826074653495,96.02199778557983,98.20397435491172,96.47093518917126,51.68656412964213,66.26591569634182,96.70077924231407,98.84389727026503,51.188421885671495,1,96.988103921487,33.06058211246447,31.889763804950167,41.61645595926886,63.91107583376528
248,45.91075582532913,41.78244150644659,56.853610597214384,94.62770185011546,99.107284949269,50.875101525212514,75.22873229634766,97.85723375024341,100.06415927406803,41.451958698988236,1,87.73329229108258,31.452396940120316,37.18907318953244,44.088558212973766,68.62434453578751
249,38.29791152005683,48.60823086155449,38.204655329180746,82.54810083993267,96.18562160549712,47.596704110481404,50.55064293353945,95.28131713931853,99.20046056080832,48.248584857729035,1,80.84937414425976,28.85414327480029,9.438714758037767,23.764588974190218,38.442876111455845
250,70.02591527450855,21.143918096461867,93.03776823556815,98.90055343738845,99.41582695689945,31.924210933430892,83.21122199714264,97.78745787594274,101.46275422317235,41.60391569374961,1,92.7374289994651,38.19479973675181,44.03651610191901,52.01821973189767,77.39650464339947
251,71.03273561820906,20.718095044246468,91.62748267435855,100.09257955967483,99.14649184347732,38.878936220121794,78.63451147614687,92.5525404435918,99.48718287602998,44.402596395200796,1,95.20732651161704,38.144227575360325,23.110556337397973,37.870636691231475,56.61339305147938
252,50.625078728587766,37.70233980247728,66.68462299413413,98.89051537477543,96.23031995354967,61.731149700340765,45.026745090193096,97.63938083564484,99.41179160769616,47.457728437386336,1,91.04199959248149,26.42060169595183,3.9381879503962356,20.450611848990842,32.52358110316949
253,42.160915878466675,44.803964645651156,46.88943300856656,89.71911521717638,99.00495899776696,32.09245600617382,86.78024740362132,95.6951384268346,100.22490963186081,37.53347116017102,1,81.12709054539579,32.70854296714389,25.66301521028276,34.52673173898891,54.1259388638201
254,59.29048795545754,29.36272289594809,79.76266914468837,99.06506206720721,100.21317406380594,36.68345039631562,83.67713711743298,95.4222742861681,99.31198851716846,51.78739595859558,1,92.67066412985015,33.48197616800855,59.75845366491301,62.37257672638407,85.73056538968198
255,37.87417737433487,48.272986604603396,36.938110767277706,80.3917837959485,98.87871450554408,43.37753477219621,73.09737089355778,88.98796369702968,98.9355758893443,40.30099900920457,1,81.82967300357393,26.606020782638534,22.879716946725207,32.05256616052319,51.55481386715626
256,56.54416245057099,31.62818155070489,77.43701757787225,100.12503280013948,98.00960747969066,53.08990072037372,70.0310046387471,97.21020325992487,100.14988885745339,36.30312855829528,1,92.6332928766627,26.911773522708963,21.603843502327173,32.47185417824331,49.783342908854515
257,31.516318647076666,54.11196037954028,26.372556056033265,65.68617302863721,96.19657478219554,47.51639190604869,82.03708429664695,99.02725499063332,100.67035454821382,45.77032421822503,1,64.773003952848,34.94353673558139,30.666918615832717,41.168551244690235,65.15009614548173
258,56.1786708731513,32.16946718616063,77.21233693007983,101.73948578440837,98.70813143485304,52.42044159295338,81.69304857549437,97.21557182637952,98.86420888232279,49.45041278491042,1,88.98326522795175,36.31915389609133,57.655334036823255,61.689014987070784,86.70194190800676
259,32.76712600461214,54.33208946360409,25.225740066931216,62.67650041770164,93.68552611751059,34.327057670280055,76.60454905046629,98.53723613988726,99.7893439083892,42.709206583813604,1,72.11593912610549,34.262954508673474,24.031894394231294,35.92272490952522,56.63174902911906